[gd_scene load_steps=2 format=3 uid="uid://b4xafqjur4v20"]

[ext_resource type="PackedScene" uid="uid://db20wm8ur62l4" path="res://game/canette.tscn" id="1_iqodv"]

[node name="Node3D" type="Node3D"]

[node name="Node3D" parent="." instance=ExtResource("1_iqodv")]
transform = Transform3D(0.350227, 0.537771, -0.766906, 0.909635, -3.78745e-09, 0.415408, 0.223394, -0.843091, -0.489175, 0.312723, 0.134471, -0.0625448)

[node name="Node3D2" parent="." instance=ExtResource("1_iqodv")]
transform = Transform3D(-0.572976, -0.819572, 3.58246e-08, -7.69554e-16, -4.37114e-08, -1, 0.819572, -0.572976, 2.50456e-08, -0.723146, 9.23872e-06, -0.0522009)

[node name="Node3D3" parent="." instance=ExtResource("1_iqodv")]
transform = Transform3D(0.623937, -0.727677, 0.284937, 0.415408, -3.97614e-08, -0.909635, 0.661921, 0.68592, 0.302283, 0.0218904, 0.134471, -0.897517)

[node name="Node3D4" parent="." instance=ExtResource("1_iqodv")]
transform = Transform3D(0.70741, -0.18342, -0.682589, -0.694369, -5.06925e-08, -0.719619, 0.131992, 0.983035, -0.127361, 0.0343997, 0.134471, 0.0594174)

[node name="Node3D5" parent="." instance=ExtResource("1_iqodv")]
transform = Transform3D(-0.747345, 0.524357, -0.408075, -0.479243, 3.83647e-08, 0.877682, 0.460219, 0.851498, 0.251295, 0.65672, 0.134471, 0.422177)
