[gd_scene load_steps=2 format=3 uid="uid://bxnkyjbby0nnr"]

[ext_resource type="PackedScene" uid="uid://db20wm8ur62l4" path="res://game/canette.tscn" id="1_815er"]

[node name="Node3D" type="Node3D"]

[node name="Node3D" parent="." instance=ExtResource("1_815er")]
transform = Transform3D(0.668728, 0, -0.743507, 0, 1, 0, 0.743507, 0, 0.668728, 0.121014, 0, 0)

[node name="Node3D6" parent="." instance=ExtResource("1_815er")]
transform = Transform3D(-0.951466, 0, -0.307755, 0, 1, 0, 0.307755, 0, -0.951466, -0.320975, 0.414024, 0)

[node name="Node3D9" parent="." instance=ExtResource("1_815er")]
transform = Transform3D(0.916907, 0, 0.399101, 0, 1, 0, -0.399101, 0, 0.916907, -0.0346588, 0.418874, 0)

[node name="Node3D7" parent="." instance=ExtResource("1_815er")]
transform = Transform3D(-0.446994, 0, 0.894537, 0, 1, 0, -0.894537, 0, -0.446994, -0.607291, 0.41644, 0)

[node name="Node3D8" parent="." instance=ExtResource("1_815er")]
transform = Transform3D(-0.24502, 0, -0.969518, 0, 1, 0, 0.969518, 0, -0.24502, -0.920599, 0.418686, 0)

[node name="Node3D10" parent="." instance=ExtResource("1_815er")]
transform = Transform3D(0.88995, 0, 0.456058, 0, 1, 0, -0.456058, 0, 0.88995, -0.761417, 0.830818, 0)

[node name="Node3D13" parent="." instance=ExtResource("1_815er")]
transform = Transform3D(-0.115232, 0, -0.993339, 0, 1, 0, 0.993339, 0, -0.115232, -0.613631, 1.24474, 0)

[node name="Node3D15" parent="." instance=ExtResource("1_815er")]
transform = Transform3D(0.314175, 0, 0.949365, 0, 1, 0, -0.949365, 0, 0.314175, -0.45745, 1.66061, 0.000332564)

[node name="Node3D14" parent="." instance=ExtResource("1_815er")]
transform = Transform3D(-0.239178, 0, 0.970976, 0, 1, 0, -0.970976, 0, -0.239178, -0.315443, 1.2493, 0)

[node name="Node3D2" parent="." instance=ExtResource("1_815er")]
transform = Transform3D(0.363934, 0, 0.931425, 0, 1, 0, -0.931425, 0, 0.363934, -1.08241, 0, 0)

[node name="Node3D11" parent="." instance=ExtResource("1_815er")]
transform = Transform3D(-0.887035, 0, -0.461702, 0, 1, 0, 0.461702, 0, -0.887035, -0.458715, 0.834838, 0)

[node name="Node3D12" parent="." instance=ExtResource("1_815er")]
transform = Transform3D(0.821806, 0, -0.569767, 0, 1, 0, 0.569767, 0, 0.821806, -0.175313, 0.835507, 0)

[node name="Node3D3" parent="." instance=ExtResource("1_815er")]
transform = Transform3D(-0.865807, 0, 0.500378, 0, 1, 0, -0.500378, 0, -0.865807, -0.778759, 0, 0)

[node name="Node3D4" parent="." instance=ExtResource("1_815er")]
transform = Transform3D(-0.755865, 0, -0.654728, 0, 1, 0, 0.654728, 0, -0.755865, -0.476739, 0, 0)

[node name="Node3D5" parent="." instance=ExtResource("1_815er")]
transform = Transform3D(-0.412612, 0, 0.910907, 0, 1, 0, -0.910907, 0, -0.412612, -0.182584, 0, 0)
